4.876925354859729111e-04
7.563920506573484914e-01
6.158140511760505920e-01
3.788032585009359909e-01
7.927533052268271874e-01
4.067622165517741362e-01
3.702683282667367237e-01
4.036409098812778762e-01
9.870763923198528911e-01
7.094195797216412691e-01
1.594163789319237301e-01
3.033032078511849194e-01
6.358858409588408200e-02
9.280155907697329454e-02
3.331340862798914948e-01
6.180198021175440370e-01
7.894295344045794138e-01
2.002741099747245013e-01
6.929284061219997959e-01
1.320352217028530895e-03
4.477816387704368628e-01
6.330446976787633684e-01
3.308480896991590203e-01
9.838921227458101715e-01
7.192895081971243387e-01
3.631400149913737163e-01
1.219723362747338058e-02
3.123158173000534221e-01
2.791151820379910165e-01
4.519252904819792693e-02
9.715423583404616537e-01
2.884644203465136503e-01
7.071475126863702165e-02
3.306107292149708110e-01
5.316536661545510078e-01
4.368213100771147772e-01
8.147689640267193889e-01
4.351220523389557338e-01
2.640325544962659476e-01
1.522233589540732401e-01
2.098073365195378681e-01
1.220811794952638696e-01
8.960571848947872509e-01
7.330180673234665267e-01
7.582695610505295614e-01
6.568006299067301601e-01
8.926860203359165968e-02
8.403422135287764716e-01
1.204401757430739739e-01
8.276114602022833777e-01
9.750167835210805656e-01
8.668952462860989305e-01
3.338181261421093726e-01
6.965434733879972695e-01
2.153746448819077175e-01
2.371840981786621505e-02
6.216854132232375596e-01
3.644841822944554499e-01
3.919097201943438913e-01
3.244838506486537044e-01
7.246035371776188283e-01
4.604466049221470625e-01
6.814512527495059091e-01
6.050289711280817384e-01
2.817398325272786330e-01
9.674127460499029052e-01
4.352827614357922537e-01
1.942192145696863825e-01
3.854713308828339180e-02
5.891334077240996114e-01
2.118151970325496958e-01
5.520977620509071038e-03
7.047938373065598672e-01
9.553780543906446043e-01
4.542572658688635023e-01
5.339074574975218868e-01
5.750528542863800885e-01
3.576454856485378198e-01
7.098007507960515383e-01
3.530488973340352166e-01
9.979716578190123144e-01
9.064653117677152760e-01
2.355240280112591567e-01
4.975913364161066443e-02
7.260108392471409378e-02
9.233907666179028695e-01
5.113216975826095911e-02
7.057210244847746949e-01
7.721163085376471225e-01
7.694748949813605687e-01
3.241342412922199046e-01
5.484860904556387862e-01
2.054505237873416323e-01
3.567814278912162518e-02
9.824811563918053325e-01
3.081295042667553385e-02
5.393429155787367035e-01
1.693492750756505627e-01
8.610793827091592911e-01
2.674056390015780993e-01
6.717473438929588703e-01
6.263747930371679207e-01
8.181701928141627000e-01
6.702692396661751317e-01
3.804127850397613919e-01
